00100011011101010100100111010100 11001101110011101010011110111110 00001111111001111101000101100010 11001100100100010110000111010011
10100101101001011010010110100101 00000001001000110100010101100111 11111110110111001011101010011000 01011010010110100101101001011010
11101011101101001100110110011110 11011010011111001011110111100000 10011110010100100000111101001100 01010100101111100101101010011000
10100101101001011010010110100101 00000001001000110100010101100111 11111110110111001011101010011000 01011010010110100101101001011010
00100000011010111111000100011001 01111010000010000101101011001000 10110011000110110010101011010000 01001000010000111111111111000001
10100101101001011010010110100101 00000001001000110100010101100111 11111110110111001011101010011000 01011010010110100101101001011010
01011111000101000011000110111111 01011010110100011011010100110011 00011001100101010110100110110001 10110000100010011001101101110000
10100101101001011010010110100101 00000001001000110100010101100111 11111110110111001011101010011000 01011010010110100101101001011010
10100011110101000010101101000011 11011011000111001011101101011000 00110001001000110101001010010011 11100100101001001111111000110111
10100101101001011010010110100101 00000001001000110100010101100111 11111110110111001011101010011000 01011010010110100101101001011010
10100011110101000010101101000011 11011011000111001011101101011000 00110001001000110101001010010011 11100100101001001111111000110111
11111010011111000111100011110010 11000111010101001110111001100111 10011011000101101111010010101010 00110101101000101000101110101110
10100011110101000010101101000011 11011011000111001011101101011000 00110001001000110101001010010011 11100100101001001111111000110111
10001100111111111110001010110101 11101000000100111011101101110111 11000011101101011101011100100010 01101111101101000000011011000100
00001000100110010111010111101001 00100101010101011111001100110100 11001110011101101110010011110010 01001101100100110010101010110011
10100101101001011010010110100101 00000001001000110100010101100111 11111110110111001011101010011000 01011010010110100101101001011010
00001000100110010111010111101001 00100101010101011111001100110100 11001110011101101110010011110010 01001101100100110010101010110011
10100101101001011010010110100101 00000001001000110100010101100111 11111110110111001011101010011000 01011010010110100101101001011010
00100111001001100001001010100101 11101110010111010000001110101101 00000000000000000000000000000000 00000000000000000000000000000000
10100101101001011010010110100101 00000001001000110100010101100111 00000000000000000000000000000000 00000000000000000000000000000000
10011011010011110010010110100010 01111000101011010110000010100000 00000000000000000000000000000000 00000000000000000000000000000000
00010111100000010001111110110110 11111001010110011110001101000010 00000000000000000000000000000000 00000000000000000000000000000000
