00 1 11011110101011011011111011101111 00000001001000110100010101100111 10001001101010111100110111101111 11011110101011011011111011101111 11011110101011011011111011101111 00000001001000110100010101100111 10001001101010111100110111101111 11011110101011011011111011101111 10100101101001011010010110100101 00000001001000110100010101100111 11111110110111001011101010011000 01011010010110100101101001011010 00000000000000000000000000000011
00 1 11011110101011011011111011101111 00000001001000110100010101100111 10001001101010111100110111101111 11011110101011011011111011101111 11011110101011011011111011101111 00000001001000110100010101100111 10001001101010111100110111101111 11011110101011011011111011101111 00100011011101010100100111010100 11001101110011101010011110111110 00001111111001111101000101100010 11001100100100010110000111010011 00000000000000000000000000000010
01 1 11011110101011011011111011101111 00000001001000110100010101100111 10001001101010111100110111101111 11011110101011011011111011101111 11011110101011011011111011101111 00000001001000110100010101100111 10001001101010111100110111101111 11011110101011011011111011101111 10100101101001011010010110100101 00000001001000110100010101100111 11111110110111001011101010011000 01011010010110100101101001011010 00000000000000000000000000000111
01 1 11011110101011011011111011101111 00000001001000110100010101100111 10001001101010111100110111101111 11011110101011011011111011101111 11011110101011011011111011101111 00000001001000110100010101100111 10001001101010111100110111101111 11011110101011011011111011101111 11101011101101001100110110011110 11011010011111001011110111100000 10011110010100100000111101001100 01010100101111100101101010011000 00000000000000000000000000000110
10 1 11011110101011011011111011101111 00000001001000110100010101100111 10001001101010111100110111101111 11011110101011011011111011101111 11011110101011011011111011101111 00000001001000110100010101100111 10001001101010111100110111101111 11011110101011011011111011101111 10100101101001011010010110100101 00000001001000110100010101100111 11111110110111001011101010011000 01011010010110100101101001011010 00000000000000000000000000001011
10 1 11011110101011011011111011101111 00000001001000110100010101100111 10001001101010111100110111101111 11011110101011011011111011101111 11011110101011011011111011101111 00000001001000110100010101100111 10001001101010111100110111101111 11011110101011011011111011101111 00100000011010111111000100011001 01111010000010000101101011001000 10110011000110110010101011010000 01001000010000111111111111000001 00000000000000000000000000001010
00 1 11011110101011011011111011101111 00000001001000110100010101100111 10001001101010111100110111101111 11011110101011011011111011101111 11011110101011011011111011101111 00000001001000110100010101100111 10001001101010111100110111101111 11011110101011011011111011101111 10100101101001011010010110100101 00000001001000110100010101100111 11111110110111001011101010011000 01011010010110100101101001011010 00000000000000000000000001110011
00 1 11011110101011011011111011101111 00000001001000110100010101100111 10001001101010111100110111101111 11011110101011011011111011101111 11011110101011011011111011101111 00000001001000110100010101100111 10001001101010111100110111101111 11011110101011011011111011101111 01011111000101000011000110111111 01011010110100011011010100110011 00011001100101010110100110110001 10110000100010011001101101110000 00000000000000000000000001110010
00 1 11011110101011011011111011101111 00000001001000110100010101100111 10001001101010111100110111101111 11011110101011011011111011101111 11011110101011011011111011101111 00000001001000110100010101100111 10001001101010111100110111101111 11011110101011011011111011101111 10100101101001011010010110100101 00000001001000110100010101100111 11111110110111001011101010011000 01011010010110100101101001011010 00000000000000000000000010100011
00 1 11011110101011011011111011101111 00000001001000110100010101100111 10001001101010111100110111101111 11011110101011011011111011101111 11011110101011011011111011101111 00000001001000110100010101100111 10001001101010111100110111101111 11011110101011011011111011101111 10100011110101000010101101000011 11011011000111001011101101011000 00110001001000110101001010010011 11100100101001001111111000110111 00000000000000000000000010100010
01 1 11011110101011011011111011101111 00000001001000110100010101100111 10001001101010111100110111101111 11011110101011011011111011101111 11011110101011011011111011101111 00000001001000110100010101100111 10001001101010111100110111101111 11011110101011011011111011101111 10100101101001011010010110100101 00000001001000110100010101100111 11111110110111001011101010011000 01011010010110100101101001011010 00000000000000000000000010100111
01 1 11011110101011011011111011101111 00000001001000110100010101100111 10001001101010111100110111101111 11011110101011011011111011101111 11011110101011011011111011101111 00000001001000110100010101100111 10001001101010111100110111101111 11011110101011011011111011101111 11101010111000101100010111110111 01100000011001100110000111000000 01000001110011001010000101101000 10111010100010111101001100111011 00000000000000000000000010100110
10 1 11011110101011011011111011101111 00000001001000110100010101100111 10001001101010111100110111101111 11011110101011011011111011101111 11011110101011011011111011101111 00000001001000110100010101100111 10001001101010111100110111101111 11011110101011011011111011101111 10100101101001011010010110100101 00000001001000110100010101100111 11111110110111001011101010011000 01011010010110100101101001011010 00000000000000000000000010101011
10 1 11011110101011011011111011101111 00000001001000110100010101100111 10001001101010111100110111101111 11011110101011011011111011101111 11011110101011011011111011101111 00000001001000110100010101100111 10001001101010111100110111101111 11011110101011011011111011101111 10001010001000100001010010011000 10110111011010010000011101110101 10100010100011110001011111101011 00001111111000001100101011001011 00000000000000000000000010101010
00 1 11011110101011011011111011101111 00000001001000110100010101100111 10001001101010111100110111101111 11011110101011011011111011101111 11011110101011011011111011101111 00000001001000110100010101100111 10001001101010111100110111101111 11011110101011011011111011101111 10100101101001011010010110100101 00000001001000110100010101100111 11111110110111001011101010011000 01011010010110100101101001011010 00000000000000000000000011000011
00 1 11011110101011011011111011101111 00000001001000110100010101100111 10001001101010111100110111101111 11011110101011011011111011101111 11011110101011011011111011101111 00000001001000110100010101100111 10001001101010111100110111101111 11011110101011011011111011101111 00001000100110010111010111101001 00100101010101011111001100110100 11001110011101101110010011110010 01001101100100110010101010110011 00000000000000000000000011000010
00 1 11011110101011011011111011101111 00000001001000110100010101100111 10001001101010111100110111101111 11011110101011011011111011101111 11011110101011011011111011101111 00000001001000110100010101100111 10001001101010111100110111101111 11011110101011011011111011101111 10100101101001011010010110100101 00000001001000110100010101100111 11111110110111001011101010011000 01011010010110100101101001011010 00000000000000000000000011010011
00 1 11011110101011011011111011101111 00000001001000110100010101100111 10001001101010111100110111101111 11011110101011011011111011101111 11011110101011011011111011101111 00000001001000110100010101100111 10001001101010111100110111101111 11011110101011011011111011101111 00001000100110010111010111101001 00100101010101011111001100110100 11001110011101101110010011110010 01001101100100110010101010110011 00000000000000000000000011010010
10 1 11011110101011011011111011101111 00000001001000110100010101100111 10001001101010111100110111101111 11011110101011011011111011101111 11011110101011011011111011101111 00000001001000110100010101100111 10001001101010111100110111101111 11011110101011011011111011101111 10100101101001011010010110100101 00000001001000110100010101100111 11111110110111001011101010011000 01011010010110100101101001011010 00000000000000000000000001001001
10 1 11011110101011011011111011101111 00000001001000110100010101100111 10001001101010111100110111101111 11011110101011011011111011101111 11011110101011011011111011101111 00000001001000110100010101100111 10001001101010111100110111101111 11011110101011011011111011101111 00100111001001100001001010100101 11101110010111010000001110101101 00000000000000000000000000000000 00000000000000000000000000000000 00000000000000000000000001001000
00 1 11011110101011011011111011101111 00000001001000110100010101100111 10001001101010111100110111101111 11011110101011011011111011101111 11011110101011011011111011101111 00000001001000110100010101100111 10001001101010111100110111101111 11011110101011011011111011101111 10100101101001011010010110100101 00000001001000110100010101100111 11111110110111001011101010011000 01011010010110100101101001011010 00000000000000000000000000100011
00 1 11011110101011011011111011101111 00000001001000110100010101100111 10001001101010111100110111101111 11011110101011011011111011101111 11011110101011011011111011101111 00000001001000110100010101100111 10001001101010111100110111101111 11011110101011011011111011101111 00100100101110011100010111100001 10110000011011111011111101110001 00000000000000000000000000000000 00000000000000000000000000000000 00000000000000000000000000100010
01 1 11011110101011011011111011101111 00000001001000110100010101100111 10001001101010111100110111101111 11011110101011011011111011101111 11011110101011011011111011101111 00000001001000110100010101100111 10001001101010111100110111101111 11011110101011011011111011101111 10100101101001011010010110100101 00000001001000110100010101100111 11111110110111001011101010011000 01011010010110100101101001011010 00000000000000000000000000100111
01 1 11011110101011011011111011101111 00000001001000110100010101100111 10001001101010111100110111101111 11011110101011011011111011101111 11011110101011011011111011101111 00000001001000110100010101100111 10001001101010111100110111101111 11011110101011011011111011101111 10100101111000110001100100100101 00100101111111100111000001001000 00000000000000000000000000000000 00000000000000000000000000000000 00000000000000000000000000100110
10 1 11011110101011011011111011101111 00000001001000110100010101100111 10001001101010111100110111101111 11011110101011011011111011101111 11011110101011011011111011101111 00000001001000110100010101100111 10001001101010111100110111101111 11011110101011011011111011101111 10100101101001011010010110100101 00000001001000110100010101100111 11111110110111001011101010011000 01011010010110100101101001011010 00000000000000000000000000101011
10 1 11011110101011011011111011101111 00000001001000110100010101100111 10001001101010111100110111101111 11011110101011011011111011101111 11011110101011011011111011101111 00000001001000110100010101100111 10001001101010111100110111101111 11011110101011011011111011101111 00100100101110011100010111100001 10110000011011111011111101110001 00000000000000000000000000000000 00000000000000000000000000000000 00000000000000000000000000101010